src_salient_feature:
array([[14.15993721, 11.96299629, 11.22553728, ..., 19.81891087,
         9.8398135 , 18.76750771],
       [18.10583174, 44.2749771 ,  1.37331361, ..., 13.77580091,
         4.18767603,  0.52703109],
       [16.91294429, 23.54826491,  7.36173718, ..., 30.73190827,
        19.69273284, 21.29025559],
       ...,
       [18.42079973,  0.64125828,  0.        , ...,  1.32437174,
         0.25035377,  0.2383915 ],
       [ 0.87234499,  0.        ,  0.        , ...,  2.89970815,
         2.35064404,  0.06553251],
       [30.78178471, 28.26836249,  1.26626543, ..., 11.16670072,
         4.29693025,  2.56016393]])


tgt_salient_feature:
array([[2.52762074e+01, 2.23037876e+01, 1.62829073e+01, ...,
        3.11386862e+01, 2.22925030e+01, 1.03351407e+01],
       [7.56528459e+00, 3.61356903e+01, 1.91722499e+00, ...,
        9.07564024e+00, 7.51478177e-01, 0.00000000e+00],
       [1.90379649e+01, 1.92126617e+01, 7.52150531e+00, ...,
        4.14794004e+01, 1.37246799e+01, 2.64246028e+01],
       ...,
       [6.47065000e-02, 0.00000000e+00, 0.00000000e+00, ...,
        6.70166612e-01, 0.00000000e+00, 0.00000000e+00],
       [3.49849516e+01, 2.26773074e-01, 0.00000000e+00, ...,
        0.00000000e+00, 0.00000000e+00, 0.00000000e+00],
       [1.41594547e+01, 4.98858494e+00, 0.00000000e+00, ...,
        3.41635076e-01, 2.38843669e-02, 0.00000000e+00]])



matches
[(2, 2), (32, 11), (27, 8), (1, 1), (5, 5), (12, 28), (4, 4), (22, 14)]

R
array([[ 0.1346764 , -0.99026024,  0.03531195],
       [ 0.84107309,  0.13308276,  0.5242948 ],
       [-0.5238877 , -0.0409102 ,  0.85080434]])
t
array([-0.0921855 ,  0.11127676,  0.19330182])


Y_feature:
array([[4.36712553e+00, 1.91168653e+00, 7.60320904e-01, ...,
        1.02199369e+01, 2.47180805e+00, 2.79764155e-02],
       [1.62657297e+01, 9.73336912e+00, 4.61712290e+00, ...,
        1.10281857e+01, 1.88659525e+00, 3.15912912e-01],
       [3.04145658e+01, 1.32184905e+01, 3.18613586e-01, ...,
        3.09836811e+01, 2.56057404e+00, 0.00000000e+00],
       ...,
       [0.00000000e+00, 2.56475909e-02, 0.00000000e+00, ...,
        1.21817289e-02, 0.00000000e+00, 0.00000000e+00],
       [2.02761763e+01, 3.54119445e-01, 0.00000000e+00, ...,
        0.00000000e+00, 0.00000000e+00, 0.00000000e+00],
       [1.14870457e-01, 1.27610314e-01, 0.00000000e+00, ...,
        2.34080681e+00, 3.23933993e-02, 0.00000000e+00]])

descriptors_X1:
array([[7.69074977e+00, 1.31039268e+01, 1.36509698e+01, ...,
        2.59955153e+01, 1.98806992e+01, 1.82637327e+01],
       [1.29401788e+01, 4.81541720e+01, 5.51911413e+00, ...,
        1.63113430e+01, 7.60050912e+00, 1.59200332e+00],
       [1.95133305e+01, 2.32521906e+01, 1.54205899e+01, ...,
        2.37679792e+01, 2.61707589e+01, 3.14413726e+01],
       ...,
       [3.31064991e+00, 1.51379292e+00, 0.00000000e+00, ...,
        1.37339995e-01, 3.39040875e-02, 2.69522510e-02],
       [1.06493248e+01, 4.07623773e+00, 8.24804285e-03, ...,
        6.33773709e+00, 1.97184970e+00, 6.87964909e-02],
       [3.75879302e+01, 1.06952666e+01, 3.99286219e+00, ...,
        3.16118425e+01, 2.01892505e+01, 2.29761716e+01]])



match
array([[ 2,  2],
       [11, 32],
       [ 8, 27],
       [ 1,  1],
       [ 5,  5],
       [28, 12],
       [ 4,  4],
       [14, 22]])

R
array([[ 0.9916927 ,  0.12173524, -0.0415466 ],
       [-0.12478013,  0.98887869, -0.08092497],
       [ 0.03123313,  0.0854369 ,  0.99585392]])
t
array([-0.05848676,  0.16550989,  0.20167321])




array([[ 5,  9],
       [28, 19],
       [ 0,  0],
       [13, 20],
       [ 2,  2],
       [32, 16],
       [25, 18],
       [29, 22],
       [12, 31],
       [23, 28],
       [15, 33],
       [ 1,  1],
       [ 6,  6],
       [ 4,  7],
       [30, 15],
       [21,  8]])

X2 feature
array([[11.38561142, 12.67271279, 13.22315965, ..., 39.43708986,
        29.19149265, 10.41229579],
       [10.23428849, 15.50472711, 11.61164507, ..., 34.32807804,
         8.7558284 ,  0.16300163],
       [16.05844669,  2.12748535,  4.25523297, ..., 36.77507096,
        18.03805509,  6.50092893],
       ...,
       [ 6.80120435, 11.92364867,  7.47271293, ..., 15.77142325,
        12.39394564,  5.00878144],
       [19.04268331, 13.28850579,  0.        , ..., 17.52313843,
         1.11111195,  0.45755259],
       [29.05280196, 17.12661301,  3.48389422, ..., 17.78754763,
         5.2317606 ,  1.33210105]])


match2
array([[ 9,  5],
       [19, 28],
       [ 0,  0],
       [20, 13],
       [ 2,  2],
       [16, 32],
       [18, 25],
       [22, 29]])

array([0, 2, 4, 6])

R
array([[ 0.28568295,  0.73666982, -0.61294601],
       [-0.93599105,  0.07721135, -0.3434518 ],
       [-0.20568419,  0.67183032,  0.71157433]])

t
array([-0.08391155, -0.03716884, -0.03093282])